0 0.4984 0.4667 0.0500 0.0444
0 0.5328 0.4639 0.0516 0.0389
0 0.5695 0.4653 0.0359 0.0333
0 0.5852 0.4583 0.1156 0.0833
2 0.7023 0.4514 0.0141 0.0611
0 0.7344 0.4458 0.0844 0.0833
0 0.7625 0.4389 0.4203 0.3861
0 0.9641 0.4333 0.0656 0.1222
0 0.9328 0.4306 0.0859 0.1139
0 0.2258 0.4819 0.0938 0.1000
0 0.2227 0.4861 0.0437 0.0444
1 0.1172 0.4917 0.1219 0.1222
0 0.0875 0.4944 0.0891 0.1139
0 0.1508 0.4917 0.0641 0.0444
0 0.1734 0.4861 0.0406 0.0444
0 0.0211 0.4806 0.1359 0.1639
0 0.0008 0.5097 0.0500 0.1167
