2 0.4177 0.5463 0.0750 0.3870
2 0.3901 0.6000 0.0552 0.2815
0 0.0026 0.6185 0.0479 0.1630
0 0.0026 0.5870 0.1177 0.1815
0 0.0026 0.5713 0.1458 0.1593
0 0.0516 0.5778 0.1062 0.1352
0 0.1339 0.5944 0.0594 0.0574
0 0.1661 0.5963 0.0302 0.0500
0 0.1849 0.5944 0.0635 0.0778
0 0.2021 0.5935 0.0656 0.1222
0 0.2198 0.5806 0.0948 0.1630
0 0.2385 0.5954 0.2115 0.1981
0 0.3312 0.5889 0.1313 0.1222
0 0.4313 0.5769 0.2844 0.1667
0 0.4745 0.5620 0.3500 0.2926
0 0.5286 0.5574 0.4010 0.3444
0 0.6099 0.4972 0.7490 0.6519
0 0.7875 0.5176 0.4156 0.7333
