1 0.5414 0.5222 0.0531 0.2722
1 0.5578 0.5347 0.0484 0.2083
2 0.5055 0.5236 0.0391 0.1972
2 0.4938 0.5292 0.0312 0.1917
1 0.4375 0.5014 0.1172 0.3083
0 0.1977 0.5292 0.4672 0.5028
0 0.1234 0.5000 0.4313 0.3417
2 0.7203 0.5417 0.0781 0.2472
1 0.6680 0.5528 0.1031 0.1389
1 0.6680 0.5333 0.0625 0.1111
1 0.6625 0.5389 0.0219 0.0694
2 0.6500 0.5403 0.0141 0.0583
2 0.6406 0.5389 0.0125 0.0611
1 0.6172 0.5417 0.0922 0.1500
1 0.6102 0.5431 0.0391 0.1250
1 0.7672 0.5556 0.0703 0.1444
1 0.7945 0.5236 0.1453 0.3167
0 0.8828 0.5542 0.2313 0.5333
