0 0.4094 0.6806 0.1484 0.1972
0 0.4258 0.6569 0.0781 0.0750
0 0.4656 0.6792 0.0594 0.1000
0 0.4898 0.6764 0.0688 0.1139
0 0.5469 0.6431 0.1703 0.2806
0 0.2789 0.6931 0.0359 0.0389
0 0.2992 0.6931 0.0359 0.0500
0 0.3359 0.6903 0.0312 0.0500
0 0.2602 0.6889 0.0281 0.0472
0 0.2531 0.6917 0.0203 0.0361
6 0.5508 0.5931 0.0187 0.0528
6 0.5445 0.5958 0.0203 0.0583
6 0.3000 0.6375 0.0109 0.0361
6 0.3250 0.6389 0.0125 0.0333
6 0.3398 0.6417 0.0125 0.0389
6 0.1688 0.5986 0.0094 0.0500
6 0.1742 0.6028 0.0109 0.0417
6 0.1750 0.6056 0.0141 0.0472
