0 0.4125 0.5361 0.1219 0.2528
0 0.4695 0.5903 0.0469 0.0639
2 0.6219 0.5681 0.0672 0.3556
2 0.6719 0.5847 0.0422 0.2028
0 0.5758 0.5750 0.2359 0.3333
0 0.6781 0.5792 0.2594 0.1917
0 0.7531 0.5958 0.2281 0.1333
0 0.8508 0.5944 0.2672 0.2389
0 0.6953 0.6014 0.5719 0.6167
0 0.3641 0.5819 0.0328 0.0778
0 0.3547 0.5806 0.0391 0.0917
0 0.3203 0.5611 0.0797 0.1389
0 0.3109 0.5750 0.0828 0.1250
0 0.2875 0.5722 0.0703 0.1417
0 0.2406 0.5667 0.1156 0.1639
0 0.1883 0.5639 0.1422 0.2056
0 0.0805 0.5403 0.2641 0.3194
0 0.0008 0.5514 0.2172 0.3778
0 0.3789 0.5806 0.0328 0.0722
